# N OptimalAnswer HeuristicAnswer Diff(%) OptimalTime(ms) HeuristicTime(ms)
1 20 1705 4330 153.96 16.03 0.14
2 20 1908 3475 82.13 15.77 0.16
3 20 2168 4767 119.88 17.20 0.15
4 20 1656 4065 145.47 17.34 0.15
5 20 2515 6079 141.71 17.51 0.16
6 20 2327 3405 46.33 18.29 0.16
7 20 2085 4521 116.83 18.04 0.16
8 20 1956 4091 109.15 18.15 0.16
9 20 2123 4207 98.16 17.89 0.16
10 20 2650 4849 82.98 18.62 0.16
11 20 504 2718 439.29 309.46 0.16
12 20 338 2292 578.11 315.32 0.17
13 20 828 2797 237.80 298.69 0.15
14 20 684 4104 500.00 318.16 0.17
15 20 795 2316 191.32 319.97 0.17
16 20 659 2272 244.76 325.22 0.16
17 20 754 3192 323.34 314.04 0.16
18 20 788 3524 347.21 311.32 0.17
19 20 695 2140 207.91 315.16 0.16
20 20 517 1702 229.21 334.03 0.19
